Download Winning Numbers from www.calottery.com on 1/14/2017  (manually updated daily)  for POWERBALL

------  ------------------      --------    --------    --------    --------    --------    ---------
Draw #      Draw Date           Number_1    Number_2    Number_3    Number_4    Number_5    Powerball
------  ------------------      --------    --------    --------    --------    --------    ---------

+1159    Sat  Jun 17, 2023          00          00          00          00          00          00
1158    Wed  Jun 14, 2023          03          20          36          42          64          04
1157    Mon  Jun 12, 2023          02          03          16          23          68          07
1156    Sat  Jun 10, 2023          21          32          42          46          50          04
1155    Wed  Jun 07, 2023          16          21          29          53          66          02
1154    Mon  Jun 05, 2023          02          31          45          46          49          20
1153    Sat  Jun 03, 2023          15          45          64          67          68          18
1152    Wed  May 31, 2023          02          04          54          61          62          14
1151    Mon  May 29, 2023          21          33          35          62          64          24
1150    Sat  May 27, 2023          24          38          39          48          56          04
1149    Wed  May 24, 2023          12          21          44          50          58          26
1148    Mon  May 22, 2023          09          38          48          52          68          25
1147    Sat  May 20, 2023          17          23          32          38          63          23
1146    Wed  May 17, 2023          18          34          37          45          51          14
1145    Mon  May 15, 2023          01          26          28          55          58          25
1144    Sat  May 13, 2023          03          15          20          23          46          11
1143    Wed  May 10, 2023          21          24          33          55          69          03
1142    Mon  May 08, 2023          15          20          33          36          43          12
1141    Sat  May 06, 2023          31          39          47          51          53          06
1140    Wed  May 03, 2023          21          26          30          45          47          23
1139    Mon  May 01, 2023          03          38          55          51          55          01
1138    Sat  Apr 29, 2023          16          53          54          57          65          08
1137    Wed  Apr 26, 2023          02          15          30          35          49          06
1136    Mon  Apr 24, 2023          19          21          55          66          68          03
1135    Sat  Apr 22, 2023          17          36          47          63          68          25
1134    Wed  Apr 19, 2023          04          11          21          38          64          11
1133    Mon  Apr 17, 2023          23          25          35          63          64          25
1132    Sat  Apr 15, 2023          01          33          34          56          59          18
1131    Wed  Apr 12, 2023          09          36          41          44          59          04
1130    Mon  Apr 10, 2023          09          10          36          46          52          14
1129    Sat  Apr 08, 2023          11          22          24          51          60          18
1128    Wed  Apr 05, 2023          03          05          09          42          52          11
1127    Mon  Apr 03, 2023          16          30          31          54          68          01
1126    Sat  Apr 01, 2023          11          19          21          29          52          17
1125    Wed  Mar 29, 2023          04          09          24          46          66          07
1124    Mon  Mar 27, 2023          19          26          36          43          58          14
1123    Sat  Mar 25, 2023          15          17          18          47          57          19
1122    Wed  Mar 22, 2023          27          28          37          50          57          05
1121    Mon  Mar 20, 2023          01          27          32          47          67          14
1120    Sat  Mar 18, 2023          14          20          30          54          69          11
1119    Wed  Mar 15, 2023          16          18          33          37          50          08
1118    Mon  Mar 13, 2023          03          10          24          46          63          04
1117    Sat  Mar 11, 2023          11          20          33          43          58          24
1116    Wed  Mar 08, 2023          26          27          43          61          69          04
1115    Mon  Mar 06, 2023          02          13          29          58          69          04
1114    Sat  Mar 04, 2023          10          16          18          40          66          16
1113    Wed  Mar 01, 2023          02          09          28          36          53          04
1112    Mon  Feb 27, 2023          16          28          49          51          55          23
1111    Sat  Feb 25, 2023          11          24          58          66          67          26
1110    Wed  Feb 22, 2023          11          19          39          44          65          07
1109    Mon  Feb 20, 2023          03          17          26          38          54          15
1108    Sat  Feb 18, 2023          08          21          31          32          37          23
1107    Wed  Feb 15, 2023          31          32          54          60          63          12
1106    Mon  Feb 13, 2023          17          26          37          61          65          02
1105    Sat  Feb 11, 2023          10          23          30          54          65          11
1104    Wed  Feb 08, 2023          52          58          59          64          66          09
1103    Mon  Feb 06, 2023          05          11          22          23          69          07
1102    Sat  Feb 04, 2023          02          08          15          19          58          10
1101    Wed  Feb 01, 2023          31          43          58          59          66          09
1100    Mon  Jan 30, 2023          01          04          12          36          49          05
1099    Sat  Jan 28, 2023          02          18          23          27          47          15
1098    Wed  Jan 25, 2023          09          17          20          38          40          18
1097    Mon  Jan 23, 2023          12          31          47          58          60          23
1096    Sat  Jan 21, 2023          05          14          19          46          64          22
1095    Wed  Jan 18, 2023          06          15          22          42          47          26
1094    Mon  Jan 16, 2023          04          14          33          39          61          03
1093    Sat  Jan 14, 2023          24          26          39          47          57          23
1092    Wed  Jan 11, 2023          04          08          46          47          48          05
1091    Mon  Jan 09, 2023          18          43          48          60          69          14
1090    Sat  Jan 07, 2023          35          36          44          45          67          14
1089    Wed  Jan 04, 2023          12          32          56          67          68          26
1088    Mon  Jan 02, 2023          07          09          12          31          62          22
1087    Sat  Dec 31, 2022          18          37          44          50          64          11
1086    Wed  Dec 28, 2022          26          32          38          45          56          01
1085    Mon  Dec 26, 2022          17          41          47          60          61          17
1084    Sat  Dec 24, 2022          17          37          46          54          67          08
1083    Wed  Dec 21, 2022          12          15          24          34          59          14
1082    Mon  Dec 19, 2022          07          37          55          65          67          12
1081    Sat  Dec 17, 2022          33          56          64          66          68          12
1080    Wed  Dec 14, 2022          36          51          59          66          68          25
1079    Mon  Dec 12, 2022          16          31          50          55          61          09
1078    Sat  Dec 10, 2022          09          23          47          49          68          19
1077    Wed  Dec 07, 2022          06          28          44          59          61          21
1076    Mon  Dec 05, 2022          35          45          47          54          55          14
1075    Sat  Dec 03, 2022          06          13          33          36          37          07
1074    Wed  Nov 30, 2022          04          19          24          47          66          10
1073    Mon  Nov 28, 2022          29          30          32          48          50          20
1072    Sat  Nov 26, 2022          15          30          47          50          51          03
1071    Wed  Nov 23, 2022          01          02          31          39          66          25
1070    Mon  Nov 21, 2022          01          06          40          51          67          02
1069    Sat  Nov 19, 2022          07          28          62          63          64          10
1068    Wed  Nov 16, 2022          28          34          51          53          56          11
1067    Mon  Nov 14, 2022          19          35          53          54          67          21
1066    Sat  Nov 12, 2022          16          20          44          57          58          06
1065    Wed  Nov 09, 2022          07          14          24          30          56          07
1064    Mon  Nov 07, 2022          10          33          41          47          56          10
1063    Sat  Nov 05, 2022          28          45          53          56          69          20
1062    Wed  Nov 02, 2022          02          11          22          35          60          23
1061    Mon  Oct 31, 2022          13          19          36          39          59          13
1060    Sat  Oct 29, 2022          19          31          40          46          57          23
1059    Wed  Oct 26, 2022          19          36          37          46          56          24
1058    Mon  Oct 24, 2022          18          23          35          45          54          16
1057    Sat  Oct 22, 2022          19          25          48          55          60          18
1056    Wed  Oct 19, 2022          06          08          15          27          42          10
1055    Mon  Oct 17, 2022          19          30          36          46          60          25
1054    Sat  Oct 15, 2022          32          37          40          58          62          15
1053    Wed  Oct 12, 2022          14          30          41          42          59          06
1052    Mon  Oct 10, 2022          03          06          11          17          22          11
1051    Sat  Oct 08, 2022          13          41          53          60          68          05
1050    Wed  Oct 05, 2022          26          30          33          37          62          06
1049    Mon  Oct 03, 2022          02          16          22          55          63          22
1048    Sat  Oct 01, 2022          08          21          22          65          69          26
1047    Wed  Sep 28, 2022          06          10          24          33          67          11
1046    Mon  Sep 26, 2022          13          20          31          33          59          20
1045    Sat  Sep 24, 2022          03          09          21          24          29          14
1044    Wed  Sep 21, 2022          06          33          34          45          54          07
1043    Mon  Sep 19, 2022          07          15          36          46          67          07
1042    Sat  Sep 17, 2022          05          25          36          51          61          01
1041    Wed  Sep 14, 2022          09          10          20          22          52          25
1040    Mon  Sep 12, 2022          06          14          16          34          66          25
1039    Sat  Sep 10, 2022          38          42          56          68          69          04
1038    Wed  Sep 07, 2022          03          16          30          33          36          20
1037    Mon  Sep 05, 2022          04          07          32          55          64          25
1036    Sat  Sep 03, 2022          18          27          49          65          69          09
1035    Wed  Aug 31, 2022          07          08          19          24          28          01
1034    Mon  Aug 29, 2022          13          36          43          61          69          18
1033    Sat  Aug 27, 2022          02          18          56          60          65          14
1032    Wed  Aug 24, 2022          06          24          35          37          44          22
1031    Mon  Aug 22, 2022          12          27          34          55          67          09
1030    Sat  Aug 20, 2022          05          09          11          16          66          07
1029    Wed  Aug 17, 2022          23          28          41          50          55          24
1028    Mon  Aug 15, 2022          20          24          47          50          63          05
1027    Sat  Aug 13, 2022          19          24          35          43          62          02
1026    Wed  Aug 10, 2022          29          44          59          61          68          19
1025    Mon  Aug 08, 2022          32          45          51          57          58          12
1024    Sat  Aug 06, 2022          08          15          46          56          68          03
1023    Wed  Aug 03, 2022          09          21          56          57          66          11
1022    Mon  Aug 01, 2022          15          21          31          36          65          16
1021    Sat  Jul 30, 2022          04          17          57          58          68          12
1020    Wed  Jul 27, 2022          01          25          44          55          57          26
1019    Mon  Jul 25, 2022          25          37          38          39          65          05
1018    Sat  Jul 23, 2022          39          41          54          59          62          12
1017    Wed  Jul 20, 2022          10          20          23          49          65          22
1016    Mon  Jul 18, 2022          14          34          36          50          58          05
1015    Sat  Jul 16, 2022          03          18          23          32          57          21
1014    Wed  Jul 13, 2022          22          23          36          47          63          02
1013    Mon  Jul 11, 2022          04          26          34          37          52          09
1012    Sat  Jul 09, 2022          14          22          42          46          52          24
1011    Wed  Jul 06, 2022          32          36          49          62          69          13
1010    Mon  Jul 04, 2022          15          16          24          31          56          04
1009    Sat  Jul 02, 2022          09          10          37          59          62          26
1008    Wed  Jun 29, 2022          08          40          49          58          63          14
1007    Mon  Jun 27, 2022          11          13          18          30          37          16
1006    Sat  Jun 25, 2022          06          12          20          27          32          04
1005    Wed  Jun 22, 2022          06          10          31          48          56          12
1004    Mon  Jun 20, 2022          03          44          61          63          69          13
1003    Sat  Jun 18, 2022          10          19          40          45          58          25
1002    Wed  Jun 15, 2022          19          28          41          42          51          07
1001    Mon  Jun 13, 2022          02          27          42          44          51          25
1000    Sat  Jun 11, 2022          18          20          26          53          69          05
999     Wed  Jun 08, 2022          22          39          43          62          64          07
998     Mon  Jun 06, 2022          02          10          35          44          46          04
997     Sat  Jun 04, 2022          14          16          36          52          60          16
996     Wed  Jun 01, 2022          11          41          56          57          63          02
995     Mon  May 30, 2022          27          28          51          68          69          22
994     Sat  May 28, 2022          02          39          50          61          66          15
993     Wed  May 25, 2022          19          28          39          42          57          17
992     Mon  May 23, 2022          01          33          37          39          42          26
991     Sat  May 21, 2022          14          15          25          52          58          11
990     Wed  May 18, 2022          40          41          58          64          65          17
989     Mon  May 16, 2022          07          15          22          36          64          13
988     Sat  May 14, 2022          06          40          41          45          52          09
987     Wed  May 11, 2022          05          07          61          63          69          18
986     Mon  May 09, 2022          18          30          35          52          56          05
985     Sat  May 07, 2022          04          05          06          28          67          10
984     Wed  May 04, 2022          37          39          55          63          69          23
983     Mon  May 02, 2022          08          27          33          39          44          08
982     Sat  Apr 30, 2022          14          21          37          44          63          01
981     Wed  Apr 27, 2022          11          36          61          62          68          04
980     Mon  Apr 25, 2022          12          18          20          39          61          10
979     Sat  Apr 23, 2022          10          39          47          49          56          08
978     Wed  Apr 20, 2022          20          30          45          55          56          14
977     Mon  Apr 18, 2022          08          33          55          59          62          18
976     Sat  Apr 16, 2022          15          21          32          62          65          26
975     Wed  Apr 13, 2022          14          16          41          63          68          26
974     Mon  Apr 11, 2022          05          07          24          31          34          04
973     Sat  Apr 09, 2022          06          16          31          62          66          18
972     Wed  Apr 06, 2022          06          42          45          47          64          18
971     Mon  Apr 04, 2022          02          32          39          46          69          06
970     Sat  Apr 02, 2022          06          28          47          58          59          18
969     Wed  Mar 30, 2022          03          07          21          31          37          11
968     Mon  Mar 28, 2022          11          18          39          58          62          03
967     Sat  Mar 26, 2022          02          10          50          59          61          06
966     Wed  Mar 23, 2022          31          32          37          38          48          24
965     Mon  Mar 21, 2022          01          15          26          63          65          16
964     Sat  Mar 19, 2022          08          09          18          48          52          06
963     Wed  Mar 16, 2022          03          28          34          35          58          17
962     Mon  Mar 14, 2022          21          28          32          44          49          06
961     Sat  Mar 12, 2022          19          20          37          39          61          08
960     Wed  Mar 09, 2022          13          22          34          51          67          10
959     Mon  Mar 07, 2022          10          43          55          59          67          02
958     Sat  Mar 05, 2022          08          23          37          52          63          13
957     Wed  Mar 02, 2022          19          37          48          61          63          12
956     Mon  Feb 28, 2022          07          21          39          47          55          19
955     Sat  Feb 26, 2022          15          32          36          48          64          19
954     Wed  Feb 23, 2022          06          17          21          35          64          18
953     Mon  Feb 21, 2022          02          36          37          45          69          03
952     Sat  Feb 19, 2022          03          10          15          33          42          11
951     Wed  Feb 16, 2022          22          30          40          42          48          16
950     Mon  Feb 14, 2022          16          25          27          49          55          17
949     Sat  Feb 12, 2022          08          10          21          41          62          07
948     Wed  Feb 09, 2022          02          17          33          51          63          26
947     Mon  Feb 07, 2022          05          15          38          47          65          10
946     Sat  Feb 05, 2022          05          16          27          39          61          24
945     Wed  Feb 02, 2022          18          29          33          62          63          15
944     Mon  Jan 31, 2022          10          15          51          61          69          14
943     Sat  Jan 29, 2022          02          15          38          54          65          11
942     Wed  Jan 26, 2022          04          11          38          49          69          16
941     Mon  Jan 24, 2022          11          29          30          47          53          16
940     Sat  Jan 22, 2022          08          14          33          36          67          17
939     Wed  Jan 19, 2022          11          15          43          55          61          10
938     Mon  Jan 17, 2022          09          24          35          46          65          22
937     Sat  Jan 15, 2022          03          18          37          51          59          13
936     Wed  Jan 12, 2022          12          21          22          30          33          24
935     Mon  Jan 10, 2022          14          17          18          21          27          09
934     Sat  Jan 08, 2022          20          21          36          60          65          13
933     Wed  Jan 05, 2022          06          14          25          33          46          17
932     Mon  Jan 03, 2022          02          13          32          33          48          22
931     Sat  Jan 01, 2022          06          12          39          48          50          07
930     Wed  Dec 29, 2021          02          06          09          33          39          11
929     Mon  Dec 27, 2021          36          38          45          62          64          19
928     Sat  Dec 25, 2021          27          29          45          55          58          02
927     Wed  Dec 22, 2021          07          16          19          48          68          15
926     Mon  Dec 20, 2021          02          13          23          34          66          02
925     Sat  Dec 18, 2021          02          06          51          24          61          01
924     Wed  Dec 15, 2021          19          20          40          42          59          15
923     Mon  Dec 13, 2021          10          30          37          53          59          04
922     Sat  Dec 11, 2021          03          25          44          53          64          10
921     Wed  Dec 08, 2021          03          07          33          50          69          24
920     Mon  Dec 06, 2021          03          21          38          50          59          06
919     Sat  Dec 04, 2021          10          40          45          56          67          02
918     Wed  Dec 01, 2021          12          15          38          57          63          24
917     Mon  Nov 29, 2021          18          26          28          38          47          17
916     Sat  Nov 27, 2021          08          32          55          64          66          10
915     Wed  Nov 24, 2021          10          16          32          63          65          17
914     Mon  Nov 22, 2021          07          20          29          38          67          22
913     Sat  Nov 20, 2021          40          43          48          59          69          19
912     Wed  Nov 17, 2021          03          16          48          52          60          01
911     Mon  Nov 15, 2021          05          31          34          51          53          23
910     Sat  Nov 13, 2021          08          15          26          35          45          09
909     Wed  Nov 10, 2021          19          25          43          46          48          14
908     Mon  Nov 08, 2021          21          46          47          57          62          08
907     Sat  Nov 06, 2021          08          30          48          57          64          09
906     Wed  Nov 03, 2021          01          02          24          50          57          26
905     Mon  Nov 01, 2021          09          25          34          44          45          08
904     Sat  Oct 30, 2021          05          23          28          43          56          19
903     Wed  Oct 27, 2021          03          06          26          35          51          17
902     Mon  Oct 25, 2021          10          27          29          44          58          24
901     Sat  Oct 23, 2021          10          30          51          57          63          20
900     Wed  Oct 20, 2021          07          29          36          41          43          05
899     Mon  Oct 18, 2021          30          32          48          53          63          12
898     Sat  Oct 16, 2021          30          31          41          42          48          03
897     Wed  Oct 13, 2021          23          29          27          59          60          15
896     Mon  Oct 11, 2021          11          20          33          39          65          24
895     Sat  Oct 09, 2021          12          17          30          45          62          05
894     Wed  Oct 06, 2021          01          17          52          58          64          01
893     Mon  Oct 04, 2021          12          22          54          66          69          15
892     Sat  Oct 02, 2021          28          38          42          47          52          01
891     Wed  Sep 29, 2021          02          07          11          17          32          11
890     Mon  Sep 27, 2021          21          22          39          44          60          12
889     Sat  Sep 25, 2021          22          23          37          62          63          19
888     Wed  Sep 22, 2021          20          40          47          55          63          05
887     Mon  Sep 20, 2021          37          51          54          58          60          19
886     Sat  Sep 18, 2021          05          36          39          45          57          11
885     Wed  Sep 15, 2021          01          04          18          46          62          25
884     Mon  Sep 13, 2021          37          40          50          61          63          21
883     Sat  Sep 11, 2021          20          31          38          40          49          21
882     Wed  Sep 08, 2021          09          22          41          47          61          21
881     Mon  Sep 06, 2021          11          20          22          33          54          24
880     Sat  Sep 04, 2021          32          35          40          52          54          01
879     Wed  Sep 01, 2021          10          20          29          48          51          17
878     Mon  Aug 30, 2021          03          15          45          51          61          08
877     Sat  Aug 28, 2021          12          22          26          46          59          26
876     Wed  Aug 25, 2021          27          39          54          56          59          24
875     Mon  Aug 23, 2021          17          36          47          60          61          15
874     Sat  Aug 21, 2021          16          28          36          39          59          04
873     Wed  Aug 18, 2021          35          36          51          55          61          26
872     Sat  Aug 14, 2021          06          21          49          65          67          18
871     Wed  Aug 11, 2021          12          18          20          29          30          16
870     Sat  Aug 07, 2021          07          24          36          54          60          23
869     Wed  Aug 04, 2021          05          21          32          36          58          14
868     Sat  Jul 31, 2021          01          21          22          34          47          04
867     Wed  Jul 28, 2021          25          30          53          59          60          05
866     Sat  Jul 24, 2021          01          04          11          59          67          10
865     Wed  Jul 21, 2021          27          28          44          67          68          11
864     Sat  Jul 17, 2021          15          22          38          54          66          03
863     Wed  Jul 14, 2021          33          46          52          59          62          10
862     Sat  Jul 10, 2021          01          05          29          54          62          03
861     Wed  Jul 07, 2021          08          21          30          49          57          08
860     Sat  Jul 03, 2021          26          40          41          55          65          24
859     Wed  Jun 30, 2021          24          29          50          65          66          14
858     Sat  Jun 26, 2021          08          31          39          43          60          17
857     Wed  Jun 23, 2021          13          20          40          51          63          01
856     Sat  Jun 19, 2021          04          22          35          38          39          20
855     Wed  Jun 16, 2021          19          29          34          44          50          25
854     Sat  Jun 12, 2021          08          25          34          38          41          10
853     Wed  Jun 09, 2021          19          28          46          50          54          09
852     Sat  Jun 05, 2021          44          52          54          64          69          26
851     Wed  Jun 02, 2021          06          07          11          66          67          19
850     Sat  May 29, 2021          11          13          22          27          46          20
849     Wed  May 26, 2021          02          08          21          34          62          16
848     Sat  May 22, 2021          03          19          27          37          40          08
847     Wed  May 19, 2021          11          13          55          56          69          04
846     Sat  May 15, 2021          04          10          37          39          69          24
845     Wed  May 12, 2021          01          19          20          38          54          17
844     Sat  May 08, 2021          12          17          20          21          26          08
843     Wed  May 05, 2021          16          23          28          40          63          01
842     Sat  May 01, 2021          35          36          47          61          63          03
841     Wed  Apr 28, 2021          16          18          35          39          53          21
840     Sat  Apr 24, 2021          22          36          48          59          61          22
839     Wed  Apr 21, 2021          21          25          32          63          67          06
838     Sat  Apr 17, 2021          10          21          26          41          49          25
837     Wed  Apr 14, 2021          13          30          33          45          61          14
836     Sat  Apr 10, 2021          14          16          23          50          53          03
835     Wed  Apr 07, 2021          27          35          39          51          66          16
834     Sat  Apr 03, 2021          01          12          17          39          53          05
833     Wed  Mar 31, 2021          03          10          44          55          68          24
832     Sat  Mar 27, 2021          06          14          38          39          65          06
831     Wed  Mar 24, 2021          04          09          17          27          38          18
830     Sat  Mar 20, 2021          01          06          22          42          61          04
829     Wed  Mar 17, 2021          34          38          42          61          62          19
828     Sat  Mar 13, 2021          05          11          51          56          61          02
827     Wed  Mar 10, 2021          17          18          37          44          53          18
826     Sat  Mar 06, 2021          11          31          50          52          58          18
825     Wed  Mar 03, 2021          21          40          44          50          55          16
824     Sat  Feb 27, 2021          02          28          31          44          52          18
823     Wed  Feb 24, 2021          04          33          43          53          65          21
822     Sat  Feb 20, 2021          04          08          22          32          58          04
821     Wed  Feb 17, 2021          01          15          21          32          46          01
820     Sat  Feb 13, 2021          20          28          33          63          68          20
819     Wed  Feb 10, 2021          15          39          58          63          67          07
818     Sat  Feb 06, 2021          01          16          48          49          65          08
817     Wed  Feb 03, 2021          05          37          40          64          66          05
816     Sat  Jan 30, 2021          01          02          07          52          61          04
815     Wed  Jan 27, 2021          17          33          35          42          52          09
814     Sat  Jan 23, 2021          05          08          17          27          28          14
813     Wed  Jan 20, 2021          40          53          60          68          69          22
812     Sat  Jan 16, 2021          14          20          39          65          67          02
811     Wed  Jan 13, 2021          04          19          23          25          49          14
810     Sat  Jan 09, 2021          14          26          38          45          46          13
809     Wed  Jan 06, 2021          01          20          22          60          66          03
808     Sat  Jan 02, 2021          03          04          11          41          67          05
807     Wed  Dec 30, 2020          03          43          45          61          65          14
806     Sat  Dec 26, 2020          10          24          27          35          53          18
805     Wed  Dec 23, 2020          06          13          38          39          53          06
804     Sat  Dec 19, 2019          27          32          34          43          52          13
803     Wed  Dec 16, 2020          04          23          37          61          67          07
802     Sat  Dec 12, 2019          17          54          56          63          69          20
801     Wed  Dec 09, 2019          11          14          31          47          48          04
800     Sat  Dec 05, 2019          03          04          06          48          53          10
799     Wed  Dec 02, 2019          28          31          40          41          46          04
798     Sat  Nov 28, 2019          08          12          18          44          51          18
797     Wed  Nov 25, 2019          02          57          58          60          68          26
796     Sat  Nov 21, 2019          51          54          57          60          69          11
795     Wed  Nov 18, 2019          04          05          17          43          52          05
794     Sat  Nov 14, 2019          07          15          18          32          45          20
793     Wed  Nov 11, 2019          13          15          17          45          63          13
792     Sat  Nov 07, 2019          14          16          37          48          58          18
791     Wed  Nov 04, 2019          23          32          33          45          49          14
790     Sat  Oct 31, 2019          02          06          40          42          55          24
789     Wed  Oct 28, 2019          11          28          37          40          53          13
788     Sat  Oct 24, 2019          18          20          27          45          65          06
787     Wed  Oct 21, 2019          01          03          13          44          56          26
786     Sat  Oct 17, 2019          06          10          31          37          44          23
785     Wed  Oct 14, 2019          21          37          52          53          58          05
784     Sat  Oct 10, 2019          05          18          23          40          50          18
783     Wed  Oct 07, 2019          06          14          30          53          56          19
782     Sat  Oct 03, 2019          18          31          36          43          47          20
781     Wed  Sep 30, 2019          14          18          36          49          67          18
780     Sat  Sep 26, 2019          11          21          27          36          62          24
779     Wed  Sep 23, 2019          08          17          49          52          59          01
778     Sat  Sep 19, 2019          11          14          23          47          57          14
777     Wed  Sep 16, 2019          10          17          31          51          53          01
776     Sat  Sep 12, 2019          16          17          20          53          67          04
775     Wed  Sep 09, 2019          27          52          55          60          64          21
774     Sat  Sep 05, 2019          15          21          22          27          47          07
773     Wed  Sep 02, 2019          01          04          11          20          69          18
772     Sat  Aug 29, 2019          08          12          19          47          58          02
771     Wed  Aug 26, 2019          04          05          06          30          45          21
770     Sat  Aug 22, 2019          19          30          36          42          66          14
769     Wed  Aug 19, 2019          13          23          47          55          58          23
768     Sat  Aug 15, 2019          05          12          34          45          56          03
767     Wed  Aug 12, 2019          02          06          18          36          37          21
766     Sat  Aug 08, 2019          02          03          14          40          51          24
765     Wed  Aug 05, 2019          07          14          17          57          65          24
764     Sat  Aug 01, 2019          06          25          36          43          48          24
763     Wed  Jul 29, 2019          07          29          35          40          45          26
762     Sat  Jul 25, 2019          05          21          36          61          62          18
761     Wed  Jul 22, 2019          16          25          36          44          55          14
760     Sat  Jul 18, 2019          13          16          32          58          59          09
759     Wed  Jul 15, 2019          27          47          61          62          69          04
758     Sat  Jul 11, 2019          14          19          61          62          64          04
757     Wed  Jul 08, 2019          03          10          34          36          62          05
756     Sat  Jul 04, 2019          16          21          27          60          61          06
755     Wed  Jul 01, 2019          53          28          15          52          63          18
754     Sat  Jun 27, 2019          36          56          49          62          09          08
753     Wed  Jun 24, 2019          15          22          27          33          46          23
752     Sat  Jun 20, 2019          10          31          41          63          67          05
751     Wed  Jun 17, 2019          07          10          63          64          68          10
750     Sat  Jun 13, 2019          02          12          32          50          65          05
749     Wed  Jun 10, 2019          10          33          41          52          54          18
748     Sat  Jun 06, 2019          01          17          38          68          69          18
747     Wed  Jun 03, 2019          01          03          26          41          64          17
746     Sat  May 30, 2019          13          32          41          58          60          14
745     Wed  May 27, 2019          38          58          59          64          68          21
744     Sat  May 23, 2019          02          08          18          21          23          16
743     Wed  May 20, 2019          18          34          40          42          50          09
742     Sat  May 16, 2019          08          12          26          39          42          11
741     Wed  May 13, 2019          39          53          54          56          57          20
740     Sat  May 09, 2019          12          18          41          48          65          19
739     Wed  May 06, 2019          07          08          35          50          65          20
738     Sat  May 02, 2019          13          16          33          58          68          24
737     Wed  Apr 29, 2019          02          20          49          61          67          20
736     Sat  Apr 25, 2019          01          03          21          47          57          18
735     Wed  Apr 22, 2019          01          33          35          40          69          24
734     Sat  Apr 18, 2019          04          44          46          56          63          19
733     Wed  Apr 15, 2019          10          12          33          36          41          02
732     Sat  Apr 11, 2019          22          29          30          42          47          17
731     Wed  Apr 08, 2019          02          37          39          48          54          05
730     Sat  Apr 04, 2019          08          31          39          40          43          04
729     Wed  Apr 01, 2019          33          35          45          48          60          16
728     Sat  Mar 28, 2019          07          40          48          55          66          11
727     Wed  Mar 25, 2019          05          09          27          39          42          16
726     Sat  Mar 21, 2019          02          23          40          59          69          13
725     Wed  Mar 18, 2019          15          27          44          59          63          08
724     Sat  Mar 14, 2019          09          23          26          30          32          08
723     Wed  Mar 11, 2019          04          29          49          50          67          02
722     Sat  Mar 07, 2019          07          15          21          33          62          23
721     Wed  Mar 04, 2019          18          43          58          60          68          14
720     Sat  Feb 29, 2019          24          44          46          50          51          13
719     Wed  Feb 26, 2019          08          27          29          36          47          24
718     Sat  Feb 22, 2019          25          37          39          61          62          11
717     Wed  Feb 19, 2019          10          12          15          19          56          19
716     Sat  Feb 15, 2019          16          32          35          36          46          03
715     Wed  Feb 12, 2019          14          47          54          55          68          25
714     Sat  Feb 08, 2019          35          49          50          59          66          06
713     Wed  Feb 05, 2019          23          30          35          41          57          02
712     Sat  Feb 01, 2019          12          33          54          57          60          13
711     Wed  Jan 29, 2019          09          12          15          31          60          02
710     Sat  Jan 25, 2019          02          09          17          36          67          18
709     Wed  Jan 22, 2019          11          33          44          59          67          08
708     Sat  Jan 18, 2019          20          24          38          56          68          18
707     Wed  Jan 15, 2019          39          41          53          55          68          19
706     Sat  Jan 11, 2019          03          21          23          31          59          03
705     Wed  Jan 08, 2019          02          04          07          43          56          22
704     Sat  Jan 04, 2019          01          11          21          25          54          07
703     Wed  Jan 01, 2019          49          53          57          59          62          26
702     Sat  Dec 28, 2019          20          23          39          59          60          18
701     Wed  Dec 25, 2019          02          04          16          30          46          20
700     Sat  Dec 21, 2019          19          31          35          50          67          14
699     Wed  Dec 18, 2019          14          18          26          39          68          09
698     Sat  Dec 14, 2019          03          06          12          32          64          19
967     Wed  Dec 11, 2019          24          29          42          44          63          10
696     Sat  Dec 07, 2019          18          42          53          62          66          25
695     Wed  Dec 04, 2019          08          27          44          51          61          14
694     Sat  Nov 30, 2019          15          35          42          63          68          18
683     Wed  Nov 27, 2019          15          26          37          53          55          21
692     Sat  Nov 23, 2019          28          35          38          61          66          23
691     Wed  Nov 20, 2019          07          15          39          40          57          12
690     Sat  Nov 16, 2019          14          22          26          55          63          26
689     Wed  Nov 13, 2019          23          26          27          28          66          11
688     Sat  Nov 09, 2019          14          17          35          38          60          25
687     Wed  Nov 06, 2019          15          28          46          62          64          17
686     Sat  Nov 02, 2019          03          23          32          37          58          22
685     Wed  Oct 30, 2019          19          22          52          56          67          21
684     Sat  Oct 26, 2019          03          20          48          54          59          04
683     Wed  Oct 23, 2019          05          12          50          61          69          23
682     Sat  Oct 19, 2019          14          27          29          59          65          12
681     Wed  Oct 16, 2019          01          05          25          63          67          03
680     Sat  Oct 12, 2019          12          29          34          53          65          23
679     Wed  Oct 09, 2019          05          18          33          43          65          02
678     Sat  Oct 05, 2019          06          14          36          51          54          04
677     Wed  Oct 02, 2019          04          08          10          43          53          07
676     Sat  Sep 28, 2019          15          23          34          51          55          04
675     Wed  Sep 25, 2019          37          43          44          45          53          25
674     Sat  Sep 21, 2019          01          09          22          36          68          22
673     Wed  Sep 18, 2019          14          19          39          47          51          15
672     Sat  Sep 14, 2019          11          27          31          36          67          11
671     Wed  Sep 11, 2019          06          17          24          53          57          03
670     Sat  Sep 07, 2019          11          20          41          42          56          06
669     Wed  Sep 04, 2019          04          08          30          52          59          02
668     Sat  Aug 31, 2019          14          41          50          56          57          18
667     Wed  Aug 28, 2019          09          32          37          41          56          14
666     Sat  Aug 24, 2019          05          12          20          21          47          01
665     Wed  Aug 21, 2019          12          21          22          29          32          21
664     Sat  Aug 17, 2019          18          21          24          30          60          20
663     Wed  Aug 14, 2019          10          13          30          51          69          10
662     Sat  Aug 10, 2019          35          41          55          58          59          03
661     Wed  Aug 07, 2019          08          32          47          53          59          03
660     Sat  Aug 03, 2019          03          06          45          66          68          13
659     Wed  Jul 31, 2019          14          37          47          55          67          06
658     Sat  Jul 27, 2019          01          19          31          48          61          06
657     Wed  Jul 24, 2019          22          29          35          53          56          13
656     Sat  Jul 20, 2019          05          26          36          64          69          19
655     Wed  Jul 17, 2019          19          43          47          60          68          10
654     Sat  Jul 13, 2019          13          23          32          35          68          21
653     Wed  Jul 10, 2019          07          09          26          44          68          03
652     Sat  Jul 06, 2019          04          08          23          46          64          01
651     Wed  Jul 03, 2019          40          43          45          50          61          25
650     Sat  Jun 29, 2019          13          17          24          59          62          08
649     Wed  Jun 26, 2019          54          22          16          01          05          24
648     Sat  Jun 22, 2019          66          14          03          06          11          21
647     Wed  Jun 19, 2019          26          38          21          04          18          01
646     Sat  Jun 15, 2019          08          11          49          16          14          14
645     Wed  Jun 12, 2019          42          57          35          38          05          13
644     Sat  Jun 08, 2019          13          09          48          42          60          18
643     Wed  Jun 05, 2019          38          17          28          34          23          08
642     Sat  Jun 01, 2019          06          15          34          45          52          08
641     Wed  May 29, 2019          03          32          34          42          61          07
640     Sat  May 25, 2019          01          02          39          43          66          02
639     Wed  May 22, 2019          07          10          20          44          57          03
638     Sat  May 18, 2019          02          10          25          66          67          26
637     Wed  May 15, 2019          33          68          61          17          07          04
636     Sat  May 11, 2019          40          09          08          06          37          26
635     Wed  May 08, 2019          66          64          45          53          01          03
634     Sat  May 04, 2019          30          06          23          16          61          02
633     Wed  May 01, 2019          05          23          28          56          66          17
632     Sat  Apr 27, 2019          02          29          41          45          62          06
631     Wed  Apr 24, 2019          06          32          35          36          65          04
630     Sat  Apr 20, 2019          03          27          30          63          65          01
629     Wed  Apr 17, 2019          01          15          17          46          66          15
628     Sat  Apr 13, 2019          04          17          26          32          49          10
627     Wed  Apr 10, 2019          12          21          23          39          67          06
626     Sat  Apr 06, 2019          15          33          43          59          60          08
625     Wed  Apr 03, 2019          16          19          25          32          49          18
624     Sat  Mar 30, 2019          21          52          54          64          68          04
623     Wed  Mar 27, 2019          16          20          37          44          62          12
622     Sat  Mar 23, 2019          24          25          52          60          66          05
621     Wed  Mar 20, 2019          10          14          50          53          63          21
620     Sat  Mar 16, 2019          30          34          39          53          67          11
619     Wed  Mar 13, 2019          18          36          45          47          69          14
618     Sat  Mar 09, 2019          05          06          45          55          59          14
617     Wed  Mar 06, 2019          06          10          21          35          46          23
616     Sat  Mar 02, 2019          01          19          25          27          68          21
615     Wed  Feb 27, 2019          21          31          42          49          59          23
614     Sat  Feb 23, 2019          04          06          14          20          32          13
613     Wed  Feb 20, 2019          27          49          50          51          52          02
612     Sat  Feb 16, 2019          29          30          41          48          64          01
611     Wed  Feb 13, 2019          02          08          14          24          69          26
610     Sat  Feb 09, 2019          01          02          03          07          39          25
609     Wed  Feb 06, 2019          05          13          28          63          38          21
608     Sat  Feb 02, 2019          10          17          18          43          65          13
607     Wed  Jan 30, 2019          02          12          16          29          54          06
606     Sat  Jan 26, 2019          08          12          20          21          32          10
605     Wed  Jan 23, 2019          23          25          47          48          50          24
604     Sat  Jan 19, 2019          05          08          41          65          66          20
603     Wed  Jan 16, 2019          14          61          29          31          56          01
602     Sat  Jan 12, 2019          57          58          07          36          48          24
601     Wed  Jan 09, 2019          06          19          37          49          59          22
600     Sat  Jan 05, 2019          03          07          15          27          69          19
599     Wed  Jan 02, 2019          08          12          42          46          56          12
598     Sat  Dec 29, 2018          12          42          51          53          62          25
597     Wed  Dec 26, 2018          05          25          38          52          67          24
596     Sat  Dec 22, 2018          21          28          30          40          59          26
595     Wed  Dec 19, 2018          15          29          31          37          43          16
594     Sat  Dec 15, 2018          08          38          43          52          55          17
593     Wed  Dec 12, 2018          04          09          21          29          64          26
592     Sat  Dec 08, 2018          14          32          34          46          61          10
591     Wed  Dec 05, 2018          09          11          36          37          38          11
590     Sat  Dec 01, 2018          10          11          47          55          58          26
589     Wed  Nov 28, 2018          04          19          59          68          69          21
588     Sat  Nov 24, 2018          11          33          51          56          58          18
587     Wed  Nov 21, 2018          07          14          23          38          55          18
586     Sat  Nov 17, 2018          06          08          20          52          68          05
585     Wed  Nov 14, 2018          07          42          49          62          69          23
584     Sat  Nov 10, 2018          05          29          34          53          57          24
583     Wed  Nov 07, 2018          26          28          34          42          50          25
582     Sat  Nov 03, 2018          15          21          24          32          65          11
581     Wed  Oct 31, 2018          07          25          39          40          47          20
580     Sat  Oct 27, 2018          08          12          13          19          27          04
579     Wed  Oct 24, 2018          03          21          45          53          56          22
578     Sat  Oct 20, 2018          16          54          57          62          69          23
577     Wed  Oct 17, 2018          03          57          64          68          69          15
576     Sat  Oct 13, 2018          11          14          32          43          65          15
575     Wed  Oct 10, 2018          08          23          27          42          60          07
574     Sat  Oct 06, 2018          01          22          27          53          67          15
573     Wed  Oct 03, 2018          41          53          59          63          66          03
572     Sat  Sep 29, 2018          09          17          34          59          64          22
571     Wed  Sep 26, 2018          01          02          07          30          50          08
570     Sat  Sep 22, 2018          24          61          63          64          69          18
569     Wed  Sep 19, 2018          04          39          48          50          51          11
568     Sat  Sep 15, 2018          02          18          19          24          34          03
567     Wed  Sep 12, 2018          06          28          48          63          64          24
566     Sat  Sep 08, 2018          03          13          20          32          33          21
565     Wed  Sep 05, 2018          06          15          50          59          60          13
564     Sat  Sep 01, 2018          11          54          55          61          66          09
563     Wed  Aug 29, 2018          25          41          53          57          67          12
562     Sat  Aug 25, 2018          20          25          54          57          63          08
561     Wed  Aug 22, 2018          01          07          45          47          69          13
560     Sat  Aug 18, 2018          24          35          52          61          67          16
559     Wed  Aug 15, 2018          12          15          28          47          48          16
558     Sat  Aug 11, 2018          05          43          56          62          68          24
557     Wed  Aug 08, 2018          10          21          30          43          63          17
556     Sat  Aug 04, 2018          03          11          38          44          58          02
555     Wed  Aug 01, 2018          05          22          32          38          58          26
554     Sat  Jul 28, 2018          22          27          46          56          65          13
553     Wed  Jul 25, 2018          02          18          41          44          64          26
552     Sat  Jul 21, 2018          09          23          56          58          68          01
551     Wed  Jul 18, 2018          01          10          27          28          36          12
550     Sat  Jul 14, 2018          49          22          41          67          42          11
549     Wed  Jul 11, 2018          19          21          27          46          47          07
548     Sat  Jul 07, 2018          01          10          43          45          64          22
547     Wed  Jul 04, 2018          04          07          15          41          44          10
546     Sat  Jun 30, 2018          03          09          20          42          61          24
545     Wed  Jun 27, 2018          07          28          37          62          63          15
544     Sat  Jun 23, 2018          16          29          43          45          56          25
543     Wed  Jun 20, 2018          04          14          23          27          56          13
542     Sat  Jun 16, 2018          09          45          57          58          65          09
541     Wed  Jun 13, 2018          13          20          38          45          55          01
540     Sat  Jun 09, 2018          06          10          15          25          36          14
539     Wed  Jun 06, 2018          23          28          41          53          56          14
538     Sat  Jun 02, 2018          23          25          37          44          64          07
537     Wed  May 30, 2018          17          23          26          46          68          20
536     Sat  May 26, 2018          01          21          31          45          49          21
535     Wed  May 23, 2018          20          54          56          61          64          07
534     Sat  May 19, 2018          03          06          09          17          56          25
533     Wed  May 16, 2018          17          19          21          22          51          19
532     Sat  May 12, 2018          22          42          45          55          56          14
531     Wed  May 09, 2018          11          16          38          50          69          19
530     Sat  May 05, 2018          14          29          36          57          61          17
529     Wed  May 02, 2018          05          14          31          40          50          06
528     Sat  Apr 28, 2018          20          22          28          45          50          08
527     Wed  Apr 25, 2018          17          18          39          56          64          12
526     Sat  Apr 21, 2018          50          69          54          62          40          19
525     Wed  Apr 18, 2018          12          17          10          09          23          09
524     Sat  Apr 14, 2018          17          19          26          61          62          15
523     Wed  Apr 11, 2018          16          18          27          55          67          18
522     Sat  Apr 07, 2018          02          17          20          38          39          20
521     Wed  Apr 04, 2018          42          64          54          08          24          24
520     Sat  Mar 31, 2018          08          24          52          55          61          21
519     Wed  Mar 28, 2018          06          08          26          52          53          21
518     Sat  Mar 24, 2018          10          33          45          53          56          24
517     Wed  Mar 21, 2018          29          04          61          03          18          25
516     Sat  Mar 17, 2018          22          57          59          60          66          07
515     Wed  Mar 14, 2018          06          12          24          41          68          09
514     Sat  Mar 10, 2018          43          44          54          61          69          22
513     Wed  Mar 07, 2018          06          13          19          36          51          18
512     Sat  Mar 03, 2018          13          17          25          36          40          05
511     Wed  Feb 28, 2018          12          30          59          65          69          16
510     Sat  Feb 24, 2018          24          25          38          62          63          06
509     Wed  Feb 21, 2018          07          15          31          36          34          08
508     Sat  Feb 17, 2018          13          26          39          44          62          02
507     Wed  Feb 14, 2018          44          46          37          39          69          26
506     Sat  Feb 10, 2018          27          13          41          59          01          20
505     Wed  Feb 07, 2018          40          35          34          47          23          10
504     Sat  Feb 03, 2018          15          48          23          27          53          06
503     Wed  Jan 31, 2018          04          07          14          59          46          22
502     Sat  Jan 27, 2018          54          26          17          21          47          07
501     Wed  Jan 24, 2018          11          09          05          33          64          21
500     Sat  Jan 20, 2018          28          26          58          47          49          03
499     Wed  Jan 17, 2018          33          51          03          37          57          21
498     Sat  Jan 13, 2018          69          25          35          14          58          24
497     Wed  Jan 10, 2018          07          24          50          49          33          04
496     Sat  Jan 06, 2018          12          61          30          29          33          26
495     Wed  Jan 03, 2018          42          39          18          02          37          12
494     Sat  Dec 30, 2017          58          28          51          41          36          24
493     Wed  Dec 27, 2017          16          60          03          56          09          03
492     Sat  Dec 23, 2017          44          15          01          13          03          25
491     Wed  Dec 20, 2017          20          61          64          01          69          20
490     Sat  Dec 16, 2017          35          63          37          09          50          11
489     Wed  Dec 13, 2017          02          28          51          58          24          07
488     Sat  Dec 09, 2017          36          60          55          37          25          06
487     Wed  Dec 06, 2017          50          19          55          62          20          09
486     Sat  Dec 02, 2017          32          30          36          28          58          06
485     Wed  Nov 29, 2017          59          28          26          24          63          16
484     Sat  Nov 25, 2017          53          08          54          27          13          04
483     Wed  Nov 22, 2017          61          51          37          46          35          13
482     Sat  Nov 18, 2017          17          31          28          32          39          26
481     Wed  Nov 15, 2017          48          32          44          50          23          25
480     Sat  Nov 11, 2017          56          06          04          30          16          18
479     Wed  Nov 08, 2017          12          21          14          34          20          22
478     Sat  Nov 04, 2017          51          48          12          26          14          13
477     Wed  Nov 01, 2017          26          03          19          06          44          01
476     Sat  Oct 28, 2017          35          27          57          66          38          10
475     Wed  Oct 25, 2017          57          54          29          22          18          08
474     Sat  Oct 21, 2017          14          45          69          41          42          04
473     Wed  Oct 18, 2017          69          54          49          30          66          08
472     Sat  Oct 14, 2017          56          37          69          32          66          11
471     Wed  Oct 11, 2017          01          69          19          03          13          23
470     Sat  Oct 07, 2017          10          49          61          63          65          07
469     Wed  Oct 04, 2017          22          23          62          63          66          24
468     Sat  Sep 30, 2017          08          12          25          41          64          15
467     Wed  Sep 27, 2017          08          10          21          23          25          22
466     Sat  Sep 23, 2017          24          45          55          56          57          19
465     Wed  Sep 20, 2017          39          48          53          67          68          26
464     Sat  Sep 16, 2017          17          18          24          25          31          24
463     Wed  Sep 13, 2017          17          24          35          57          63          19
462     Sat  Sep 09, 2017          06          20          29          57          59          22
461     Wed  Sep 06, 2017          08          14          32          58          67          17
460     Sat  Sep 02, 2017          06          21          41          52          62          26
459     Wed  Aug 30, 2017          19          28          43          67          69          07
458     Sat  Aug 26, 2017          07          15          32          38          66          15
457     Wed  Aug 23, 2017          06          07          16          23          26          04
456     Sat  Aug 19, 2017          17          19          39          43          68          13
455     Wed  Aug 16, 2017          09          15          43          60          64          04
454     Sat  Aug 12, 2017          20          24          26          35          49          19
453     Wed  Aug 09, 2017          12          30          36          47          62          09
452     Sat  Aug 05, 2017          11          21          28          33          45          11
451     Wed  Aug 02, 2017          01          16          54          63          69          18
450     Sat  Jul 29, 2017          01          28          40          45          48          12
449     Wed  Jul 26, 2017          07          19          21          42          69          12
448     Sat  Jul 22, 2017          05          32          44          53          60          09
447     Wed  Jul 19, 2017          50          51          59          61          63          04
446     Sat  Jul 15, 2017          09          40          63          64          66          17
445     Wed  Jul 12, 2017          01          02          18          23          61          09
444     Sat  Jul 08, 2017          08          10          29          40          59          26
443     Wed  Jul 05, 2017          04          09          16          54          68          21
442     Sat  Jul 01, 2017          19          42          45          48          53          16
441     Wed  Jun 28, 2017          29          37          46          53          68          08
440     Sat  Jun 24, 2017          10          22          32          36          58          10
439     Wed  Jun 21, 2017          14          46          61          65          68          13
438     Sat  Jun 17, 2017          10          13          32          53          62          21
437     Wed  Jun 14, 2017          05          22          43          57          63          24
436     Sat  Jun 10, 2017          20          26          32          38          58          03
435     Wed  Jun 07, 2017          05          21          57          66          69          13
434     Sat  Jun 03, 2017          03          09          21          41          54          25
433     Wed  May 31, 2017          04          33          39          46          60          06
432     Sat  May 27, 2017          05          10          28          55          67          09
431     Wed  May 24, 2017          28          32          33          38          62          15
430     Sat  May 20, 2017          05          22          45          47          54          03
429     Wed  May 17, 2017          04          11          39          45          48          09
428     Sat  May 13, 2017          17          20          32          63          68          19
427     Wed  May 10, 2017          29          31          46          56          62          08
426     Sat  May 06, 2017          11          21          31          41          59          21
425     Wed  May 03, 2017          17          18          49          59          66          09
424     Sat  Apr 29, 2017          22          23          24          45          62          05
423     Wed  Apr 26, 2017          01          15          18          26          51          26
422     Sat  Apr 22, 2017          21          39          41          48          63          06
421     Wed  Apr 19, 2017          01          19          37          40          52          15
420     Sat  Apr 15, 2017          05          22          26          45          61          13
419     Wed  Apr 12, 2017          08          14          61          63          68          24
418     Sat  Apr 08, 2017          23          36          51          53          60          15
417     Wed  Apr 05, 2017          08          20          46          53          54          13
416     Sat  Apr 01, 2017          09          32          36          44          65          01
415     Wed. Mar 29, 2017          08          15          31          36          62          11     
414     Sat. Mar 25, 2017          18          31          32          45          48          16
413     Wed. Mar 22, 2017          02          09          27          29          42          09     
412     Sat. Mar 18, 2017          13          25          44          54          67          05     
411     Wed. Mar 15, 2017          16          30          41          48          53          16     
410     Sat. Mar 11, 2017          01          26          41          50          57          11     
409     Wed. Mar 08, 2017          23          33          42          46          49          04     
408     Sat. Mar 04, 2017          02          18          19          22          63          19     
407     Wed. Mar 01, 2017          10          16          40          52          55          17     
406     Sat. Feb 25, 2017          06          12          47          62          65          19     
405     Wed. Feb 22, 2017          10          13          28          52          61          02     
404     Sat. Feb 18, 2017          03          07          09          31          33          20     
403     Wed. Feb 15, 2017          05          28          33          38          42          19     
402     Sat. Feb 11, 2017          05          09          17          37          64          02     
401     Wed. Feb 08, 2017          14          20          42          49          66          05     
400     Sat. Feb 04, 2017          06          13          16          17          52          25     
399     Wed. Feb 01, 2017          09          43          57          60          64          10     
398     Sat. Jan 28, 2017          12          20          39          49          69          17     
397     Wed. Jan 25, 2017          18          28          62          66          68          22     
396     Sat. Jan 21, 2017          23          25          45          52          67          02     
395     Wed. Jan 18, 2017          41          09          58          53          40          12     
394     Sat. Jan 14, 2017          55          69          23          64          59          13     
393     Wed. Jan 11, 2017          01          16          13          43          03          24     
392     Sat. Jan 07, 2017          37          63          12          24          03          10     
391     Wed. Jan 04, 2017          17          16          42          41          29          4     
390     Sat. Dec 31, 2016          01          28          03          67          57          9     
389     Wed. Dec 28, 2016          30          23          44          58          16          4     
388     Sat. Dec 24, 2016          38          52          42          51          28          21     
387     Wed. Dec 21, 2016          25          68          40          54          33          3     
386     Sat. Dec 17, 2016          16          40          08          48          01          10     
385     Wed. Dec 14, 2016          39          18          66          37          26          15     
384     Sat. Dec 10, 2016          32          21          12          44          66          15     
383     Wed. Dec 07, 2016          49          64          48          41          53          20     
382     Sat. Dec 03, 2016          27          26          33          08          10          22     
381     Wed. Nov 30, 2016          03          45          25          14          18          7     
380     Sat. Nov 26, 2016          21          17          37          44          19          16     
379     Wed. Nov 23, 2016          07          61          41          47          32          3     
378     Sat. Nov 19, 2016          24          61          43          16          28          21     
377     Wed. Nov 16, 2016          28          61          63          41          65          7     
376     Sat. Nov 12, 2016          20          08          27          52          17          24     
375     Wed. Nov 09, 2016          28          31          54          25          01          2     
374     Sat. Nov 05, 2016          31          50          69          21          51          8     
373     Wed. Nov 02, 2016          18          54          61          13          37          5     
372     Sat. Oct 29, 2016          42          48          20          21          19          23     
371     Wed. Oct 26, 2016          48          56          02          16          03          24     
370     Sat. Oct 22, 2016          01          55          33          28          56          22     
369     Wed. Oct 19, 2016          43          63          16          38          10          23     
368     Sat. Oct 15, 2016          64          49          57          23          67          20     
367     Wed. Oct 12, 2016          34          44          30          16          37          16     
366     Sat. Oct 08, 2016          3          64          68          61          54          9     
365     Wed. Oct 05, 2016          60          29          18          27          8          15     
364     Sat. Oct 01, 2016          12          64          50          61          2          1     
363     Wed. Sep 28, 2016          30          53          62          38          52          1     
362     Sat. Sep 24, 2016          15          7          29          41          20          22     
361     Wed. Sep 21, 2016          63          67          1          69          28          17     
360     Sat. Sep 17, 2016          51          19          9          62          55          14     
359     Wed. Sep 14, 2016          10          31          23          28          11          14     
358     Sat. Sep 10, 2016          3          17          49          68          55          8     
357     Wed. Sep 07, 2016          23          55          33          22          29          21     
356     Sat. Sep 03, 2016          39          59          7          67          50          25     
355     Wed. Aug 31, 2016          10          56          24          61          5          12     
354     Sat. Aug 27, 2016          48          32          63          4          49          20     
353     Wed. Aug 24, 2016          25          11          9          65          64          16     
352     Sat. Aug 20, 2016          68          3          21          6          60          24     
351     Wed. Aug 17, 2016          44          49          33          50          52          8     
350     Sat. Aug 13, 2016          44          38          64          69          60          6     
349     Wed. Aug 10, 2016          64          56          61          23          67          12     
348     Sat. Aug 06, 2016          52          33          47          36          20          12     
347     Wed. Aug 03, 2016          66          27          11          9          67          2     
346     Sat. Jul 30, 2016          32          21          17          23          11          5     
345     Wed. Jul 27, 2016          10          47          68          65          50          24     
344     Sat. Jul 23, 2016          39          5          35          7          23          11     
343     Wed. Jul 20, 2016          6          58          66          25          35          5     
342     Sat. Jul 16, 2016          11          50          40          17          62          26     
341     Wed. Jul 13, 2016          57          15          29          3          54          10     
340     Sat. Jul 09, 2016          32          28          10          64          61          12     
339     Wed. Jul 06, 2016          66          57          2          31          24          18     
338     Sat. Jul 02, 2016          63          39          59          34          10          4     
337     Wed. Jun 29, 2016          29          37          23          64          60          6     
336     Sat. Jun 25, 2016          36          3          56          69          27          25     
335     Wed. Jun 22, 2016          14          42          43          52          40          17     
334     Sat. Jun 18, 2016          53          2          23          63          41          11     
333     Wed. Jun 15, 2016          33          4          24          31          22          10     
332     Sat. Jun 11, 2016          36          58          27          41          20          7     
331     Wed. Jun 08, 2016          37          69          12          25          60          20     
330     Sat. Jun 04, 2016          20          16          43          64          22          17     
329     Wed. Jun 01, 2016          40          69          33          23          30          12     
328     Sat. May 28, 2016          6          34          33          59          58          12     
327     Wed. May 25, 2016          64          24          59          41          11          15     
326     Sat. May 21, 2016          9          32          5          7          23          26     
325     Wed. May 18, 2016          25          67          39          23          54          11     
324     Sat. May 14, 2016          64          27          65          13          47          9     
323     Wed. May 11, 2016          69          32          52          66          20          23     
322     Sat. May 07, 2016          25          66          44          5          26          9     
321     Wed. May 04, 2016          47          69          30          66          57          3     
320     Sat. Apr 30, 2016          32          16          3          34          12          14     
319     Wed. Apr 27, 2016          25          39          64          2          33          17     
318     Sat. Apr 23, 2016          46          62          59          35          19          13     
317     Wed. Apr 20, 2016          62          30          12          25          52          8     
316     Sat. Apr 16, 2016          32          3          25          51          18          3     
315     Wed. Apr 13, 2016          30          35          38          33          64          22     
314     Sat. Apr 09, 2016          14          23          41          61          22          9     
313     Wed. Apr 06, 2016          65          28          49          60          4          25     
312     Sat. Apr 02, 2016          9          61          28          40          30          3     
311     Wed. Mar 30, 2016          55          24          63          53          44          19     
310     Sat. Mar 26, 2016          23          42          68          52          11          6     
309     Wed. Mar 23, 2016          22          15          49          5          8          25     
308     Sat. Mar 19, 2016          11          60          23          54          43          3     
307     Wed. Mar 16, 2016          46          50          12          13          10          21     
306     Sat. Mar 12, 2016          28          11          50          57          62          23     
305     Wed. Mar 09, 2016          32          34          14          23          68          3     
304     Sat. Mar 05, 2016          3          34          27          59          69          19     
303     Wed. Mar 02, 2016          62          52          13          12          44          6     
302     Sat. Feb 27, 2016          22          11          53          21          10          18     
301     Wed. Feb 24, 2016          67          21          65          31          64          5     
300     Sat. Feb 20, 2016          54          12          11          16          15          25     
299     Wed. Feb 17, 2016          29          27          7          40          17          25     
298     Sat. Feb 13, 2016          7          15          36          18          19          20     
297     Wed. Feb 10, 2016          2          62          40          50          3          5     
296     Sat. Feb 06, 2016          13          4          36          31          52          8     
295     Wed. Feb 03, 2016          26          60          67          31          28          23     
294     Sat. Jan 30, 2016          16          5          12          31          43          18     
293     Wed. Jan 27, 2016          40          52          3          67          12          21     
292     Sat. Jan 23, 2016          32          22          40          69          34          19     
291     Wed. Jan 20, 2016          44          5          39          69          47          24     
290     Sat. Jan 16, 2016          61          52          51          64          3          6     
289     Wed. Jan 13, 2016          8          27          34          4          19          10     
288     Sat. Jan 09, 2016          32          16          19          57          34          13     
287     Wed. Jan 06, 2016          47          2          63          62          11          17     
286     Sat. Jan 02, 2016          42          15          6          5          29          10     
285     Wed. Dec 30, 2015          12          61          54          38          36          22     
284     Sat. Dec 26, 2015          65          40          44          59          27          20     
283     Wed. Dec 23, 2015          67          16          63          38          55          25     
282     Sat. Dec 19, 2015          30          68          59          41          28          10     
281     Wed. Dec 16, 2015          9          42          10          55          32          6     
280     Sat. Dec 12, 2015          62          2          30          19          14          22     
279     Wed. Dec 09, 2015          16          46          10          56          7          1     
278     Sat. Dec 05, 2015          47          33          68          27          13          13     
277     Wed. Dec 02, 2015          14          18          19          64          32          9     
276     Sat. Nov 28, 2015          47          2          66          67          6          2     
275     Wed. Nov 25, 2015          53          16          69          58          29          21     
274     Sat. Nov 21, 2015          37          57          47          50          52          21     
273     Wed. Nov 18, 2015          40          17          46          69          41          6     
272     Sat. Nov 14, 2015          66          37          22          14          45          5     
271     Wed. Nov 11, 2015          26          4          32          55          64          18     
270     Sat. Nov 07, 2015          50          53          7          16          25          15     
269     Wed. Nov 04, 2015          12          2          17          20          65          17     
268     Sat. Oct 31, 2015          9          47          20          25          68          7     
267     Wed. Oct 28, 2015          56          62          54          63          4          10     
266     Sat. Oct 24, 2015          20          31          56          64          60          2     
265     Wed. Oct 21, 2015          57          32          30          42          56          11     
264     Sat. Oct 17, 2015          57          62          69          49          48          19     
263     Wed. Oct 14, 2015          20          15          31          40          29          1     
262     Sat. Oct 10, 2015          27          68          12          43          29          1     
261     Wed. Oct 07, 2015          52          40          48          18          30          9     
