Download Winning Numbers from www.calottery.com on 1/14/2017  (manually updated daily)  for Super Lotto

------  ------------------      --------    --------    --------    --------    --------    ---------
Draw #      Draw Date           Number_1    Number_2    Number_3    Number_4    Number_5    Powerball
------  ------------------      --------    --------    --------    --------    --------    ---------

+1058    Sat  Jun 17, 2023          00          00          00          00          00          00
1057    Wed  Jun 14, 2023          02          14          24          44          47          07
1056    Sat  Jun 10, 2023          07          09          17          21          28          16
1055    Wed  Jun 07, 2023          06          14          16          23          27          04
1054    Sat  Jun 03, 2023          07          19          30          37          43          16
1053    Wed  May 31, 2023          01          17          21          23          30          25
1052    Sat  May 27, 2023          04          17          20          21          36          19
1051    Wed  May 24, 2023          03          07          08          22          40          07
1054    Sat  May 20, 2023          02          03          31          42          45          19
1053    Wed  May 17, 2023          01          11          23          35          37          13
1052    Sat  May 13, 2023          05          11          16          18          39          12
1051    Wed  May 10, 2023          12          13          33          40          43          26
1050    Sat  May 06, 2023          07          17          21          29          42          22
1049    Wed  May 03, 2023          17          20          21          24          44          26
1048    Sat  Apr 29, 2023          06          16          27          46          47          09
1047    Wed  Apr 26, 2023          04          07          11          23          46          08
1046    Sat  Apr 22, 2023          12          22          41          42          43          18
1045    Wed  Apr 19, 2023          03          09          11          17          18          12
1044    Sat  Apr 15, 2023          17          30          31          36          46          01
1043    Wed  Apr 12, 2023          11          20          32          33          43          15
1142    Sat  Apr 08, 2023          02          04          16          37          39          18
1041    Wed  Apr 05, 2023          20          26          35          39          46          02
1140    Sat  Apr 01, 2023          02          09          11          13          46          09
1039    Wed  Mar 29, 2023          07          09          12          21          39          26
1138    Sat  Mar 25, 2023          04          12          13          42          47          01
1037    Wed  Mar 22, 2023          15          20          27          37          41          16
1136    Sat  Mar 18, 2023          08          10          16          19          36          12
1035    Wed  Mar 15, 2023          06          09          20          28          30          06
1034    Sat  Mar 11, 2023          13          16          35          36          38          25
1033    Wed  Mar 08, 2023          14          15          28          29          43          11
1032    Sat  Mar 04, 2023          04          09          20          27          34          17
1031    Wed  Mar 01, 2023          01          09          17          27          44          07
1030    Sat  Feb 25, 2023          04          15          22          24          32          07
1029    Wed  Feb 22, 2023          07          29          35          43          47          23
1028    Sat  Feb 18, 2023          02          03          36          38          45          24
1027    Wed  Feb 15, 2023          10          11          15          38          47          07
1026    Sat  Feb 11, 2023          02          12          19          20          34          22
1025    Wed  Feb 08, 2023          16          21          34          39          40          09
1024    Sat  Feb 04, 2023          06          15          16          24          35          14
1023    Wed  Feb 01, 2023          09          20          21          30          36          22
1022    Sat  Jan 28, 2023          08          29          31          33          36          04
1021    Wed  Jan 25, 2023          02          17          20          37          41          09
1020    Sat  Jan 21, 2023          07          16          22          31          42          21
1019    Wed  Jan 18, 2023          03          07          21          34          40          22
1018    Sat  Jan 14, 2023          04          10          13          24          40          02
1017    Wed  Jan 11, 2023          07          16          21          44          46          07
1016    Sat  Jan 07, 2023          04          06          11          31          46          22
1015    Wed  Jan 04, 2023          04          16          18          41          12          24
1014    Sat  Dec 31, 2022          06          09          20          22          42          03
1013    Wed  Dec 28, 2022          11          23          28          30          43          08
1012    Sat  Dec 24, 2022          02          30          34          42          43          06
1011    Wed  Dec 21, 2022          01          03          17          23          42          14
1010    Sat  Dec 17, 2022          03          04          11          27          39          22
1009    Wed  Dec 14, 2022          11          14          17          35          41          03
1008    Sat  Dec 10, 2022          13          18          19          22          38          11
1007    Wed  Dec 07, 2022          16          26          32          38          43          04
1006    Sat  Dec 03, 2022          04          11          12          15          45          24
1005    Wed  Nov 30, 2022          06          18          22          26          34          09
1004    Sat  Nov 26, 2022          01          08          09          44          47          16
1003    Wed  Nov 23, 2022          04          13          32          33          42          19
1002    Sat  Nov 19, 2022          01          24          32          34          44          25
1001    Wed  Nov 16, 2022          12          16          25          28          45          23
1000    Sat  Nov 12, 2022          02          05          17          40          46          01
999     Wed  Nov 09, 2022          03          06          08          40          44          19
998     Sat  Nov 05, 2022          03          15          21          38          42          24
997     Wed  Nov 02, 2022          07          09          14          39          43          01
996     Sat  Oct 29, 2022          06          12          19          24          28          01
995     Wed  Oct 26, 2022          05          08          31          46          47          15
994     Sat  Oct 22, 2022          05          08          12          14          16          22
993     Wed  Oct 19, 2022          08          12          14          26          37          09
992     Sat  Oct 15, 2022          05          10          16          34          35          11
991     Wed  Oct 12, 2022          05          22          30          34          43          26
990     Sat  Oct 08, 2022          09          11          17          33          36          07
989     Wed  Oct 05, 2022          02          08          09          28          43          14
988     Sat  Oct 01, 2022          03          22          23          31          44          08
987     Wed  Sep 28, 2022          13          16          28          33          45          09
986     Sat  Sep 24, 2022          06          12          21          23          36          07
985     Wed  Sep 21, 2022          06          14          16          36          46          09
984     Sat  Sep 17, 2022          08          09          13          46          47          01
983     Wed  Sep 14, 2022          01          07          08          28          42          13
982     Sat  Sep 10, 2022          02          13          25          34          43          16
981     Wed  Sep 07, 2022          24          25          28          39          44          26
980     Sat  Sep 03, 2022          20          24          25          30          35          08
979     Wed  Aug 31, 2022          02          16          19          24          42          24
978     Sat  Aug 27, 2022          16          17          25          43          45          09
977     Wed  Aug 24, 2022          07          10          15          40          44          05
976     Sat  Aug 20, 2022          01          07          18          22          38          04
975     Wed  Aug 17, 2022          02          09          25          38          41          18
974     Sat  Aug 13, 2022          01          12          25          42          45          09
973     Wed  Aug 10, 2022          03          11          21          23          45          14
972     Sat  Aug 06, 2022          19          26          28          35          39          06
971     Wed  Aug 03, 2022          01          10          24          25          43          05
970     Sat  Jul 30, 2022          02          11          28          29          33          03
969     Wed  Jul 27, 2022          02          08          11          13          21          21
968     Sat  Jul 23, 2022          02          10          24          41          47          10
967     Wed  Jul 20, 2022          07          16          30          40          44          16
966     Sat  Jul 16, 2022          02          14          26          35          43          27
965     Wed  Jul 13, 2022          12          19          20          36          42          03
964     Sat  Jul 09, 2022          02          17          19          23          39          05
963     Wed  Jul 06, 2022          10          13          34          38          41          21
962     Sat  Jul 02, 2022          04          11          15          25          42          18
961     Wed  Jun 29, 2022          12          19          25          38          46          15
960     Sat  Jun 25, 2022          03          27          39          43          44          01
959     Wed  Jun 22, 2022          24          33          35          38          42          04
958     Sat  Jun 18, 2022          02          10          11          18          39          15
957     Wed  Jun 15, 2022          08          13          24          25          33          09
956     Sat  Jun 11, 2022          04          11          13          25          26          02
955     Wed  Jun 08, 2022          01          32          34          41          42          22
954     Sat  Jun 04, 2022          09          13          21          27          45          05
953     Wed  Jun 01, 2022          25          26          39          42          43          23
952     Sat  May 28, 2022          03          09          12          15          42          17
951     Wed  May 25, 2022          09          38          42          43          47          17
950     Sat  May 21, 2022          08          13          21          39          47          09
949     Wed  May 18, 2022          02          10          26          38          45          09
948     Sat  May 14, 2022          06          25          30          34          36          03
947     Wed  May 11, 2022          08          34          37          44          45          03
946     Sat  May 07, 2022          13          20          21          29          46          08
945     Wed  May 04, 2022          05          09          20          27          42          17
944     Sat  Apr 30, 2022          03          15          21          35          46          18
943     Wed  Apr 27, 2022          03          11          13          23          34          23
942     Sat  Apr 23, 2022          13          19          21          22          39          09
941     Wed  Apr 20, 2022          02          29          36          40          47          11
940     Sat  Apr 16, 2022          12          13          14          25          35          13
939     Wed  Apr 13, 2022          08          10          14          17          40          19
938     Sat  Apr 09, 2022          02          07          10          33          37          11
937     Wed  Apr 06, 2022          20          24          40          42          44          17
936     Sat  Apr 02, 2022          03          05          12          17          41          11
935     Wed  Mar 30, 2022          05          10          16          26          43          24
934     Sat  Mar 26, 2022          04          06          14          28          35          04
933     Wed  Mar 23, 2022          24          25          32          38          41          23
932     Sat  Mar 19, 2022          13          17          30          33          37          17
931     Wed  Mar 16, 2022          21          28          33          45          46          05
930     Sat  Mar 12, 2022          11          14          17          19          43          13
929     Wed  Mar 09, 2022          19          34          36          41          42          03
928     Sat  Mar 05, 2022          05          07          13          36          44          16
927     Wed  Mar 02, 2022          06          14          16          19          38          08
926     Sat  Feb 26, 2022          02          04          06          30          41          26
925     Wed  Feb 23, 2022          05          10          15          31          32          25
924     Sat  Feb 19, 2022          03          12          24          30          36          06
923     Wed  Feb 16, 2022          01          08          36          38          40          10
922     Sat  Feb 12, 2022          02          10          23          42          44          10
921     Wed  Feb 09, 2022          20          35          37          39          44          02
920     Sat  Feb 05, 2022          07          10          15          28          34          26
919     Wed  Feb 02, 2022          18          21          31          45          47          01
918     Sat  Jan 29, 2022          09          10          22          25          34          27
919     Wed  Jan 26, 2022          06          07          17          31          44          12
918     Sat  Jan 22, 2022          25          36          43          44          46          02
917     Wed  Jan 19, 2022          08          25          27          46          47          24
916     Sat  Jan 15, 2022          01          26          34          42          45          10
915     Wed  Jan 12, 2022          10          33          35          39          47          22
914     Sat  Jan 08, 2022          02          13          25          41          42          27
913     Wed  Jan 05, 2022          02          09          17          20          25          07
912     Sat  Jan 01, 2022          01          05          22          29          42          02
911     Wed  Dec 29, 2021          01          29          30          43          47          03
910     Sat  Dec 25, 2021          05          08          09          29          43          27
909     Wed  Dec 22, 2021          11          16          20          21          26          05
908     Sat  Dec 18, 2021          26          33          35          37          42          18
907     Wed  Dec 15, 2021          05          08          09          19          39          09
906     Sat  Dec 11, 2021          06          07          10          20          25          26
905     Wed  Dec 08, 2021          04          06          23          41          46          04
904     Sat  Dec 04, 2021          07          11          14          19          46          26
903     Wed  Dec 01, 2021          05          06          10          34          44          27
902     Sat  Nov 27, 2021          01          11          27          31          36          22
901     Wed  Nov 24, 2021          12          14          17          20          21          09
900     Sat  Nov 20, 2021          02          27          28          35          45          03
899     Wed  Nov 17, 2021          11          13          42          43          44          16
898     Sat  Nov 13, 2021          10          15          25          36          42          15
897     Wed  Nov 10, 2021          07          15          17          45          46          07
896     Sat  Nov 06, 2021          11          17          20          27          34          09
895     Wed  Nov 03, 2021          14          15          37          40          47          04
894     Sat  Oct 30, 2021          06          14          15          17          37          03
893     Wed  Oct 27, 2021          02          25          26          27          32          04
892     Sat  Oct 23, 2021          05          20          31          33          45          21
891     Wed  Oct 20, 2021          02          12          30          38          46          19
890     Sat  Oct 16, 2021          01          35          36          43          44          03
889     Wed  Oct 13, 2021          01          14          21          37          40          23
888     Sat  Oct 09, 2021          13          21          22          32          43          01
887     Wed  Oct 06, 2021          02          30          37          38          43          01
886     Sat  Oct 02, 2021          06          22          32          34          46          03
885     Wed  Sep 29, 2021          12          13          16          17          22          06
884     Sat  Sep 25, 2021          02          15          30          32          35          23
883     Wed  Sep 22, 2021          04          06          26          39          41          12
882     Sat  Sep 18, 2021          03          05          20          36          45          25
881     Wed  Sep 15, 2021          01          05          07          28          45          08
880     Sat  Sep 11, 2021          33          38          39          44          47          27
879     Wed  Sep 08, 2021          04          05          07          25          38          02
878     Sat  Sep 04, 2021          09          11          23          30          45          05
877     Wed  Sep 01, 2021          07          10          15          43          45          07
876     Sat  Aug 28, 2021          06          17          29          30          45          05
875     Wed  Aug 25, 2021          02          06          21          39          47          03
874     Sat  Aug 21, 2021          12          22          36          44          47          20
873     Wed  Aug 18, 2021          09          22          38          39          45          02
872     Sat  Aug 14, 2021          02          13          17          19          21          12
871     Wed  Aug 11, 2021          08          12          21          40          47          11
870     Sat  Aug 07, 2021          02          09          12          20          39          05
869     Wed  Aug 04, 2021          04          14          18          36          43          14
868     Sat  Jul 31, 2021          16          18          30          32          38          05
867     Wed  Jul 28, 2021          20          24          32          35          39          25
866     Sat  Jul 24, 2021          01          05          19          27          40          08
865     Wed  Jul 21, 2021          10          11          19          30          36          07
864     Sat  Jul 17, 2021          01          39          41          46          47          23
863     Wed  Jul 14, 2021          08          15          28          38          39          18
862     Sat  Jul 10, 2021          09          11          15          27          30          25
861     Wed  Jul 07, 2021          10          12          32          37          39          18
860     Sat  Jul 03, 2021          04          09          21          33          40          16
859     Wed  Jun 30, 2021          12          13          16          18          25          25
858     Sat  Jun 26, 2021          11          19          24          32          44          04
857     Wed  Jun 23, 2021          04          09          38          40          41          25
856     Sat  Jun 19, 2021          04          07          08          19          36          03
855     Wed  Jun 16, 2021          01          06          21          38          39          10
854     Sat  Jun 12, 2021          05          10          21          22          36          10
853     Wed  Jun 09, 2021          01          14          23          42          44          09
852     Sat  Jun 05, 2021          04          07          08          32          45          14
851     Wed  Jun 02, 2021          09          23          27          38          41          12
850     Sat  May 29, 2021          07          09          23          37          42          14
849     Wed  May 26, 2021          01          06          08          23          42          12
848     Sat  May 22, 2021          26          38          39          41          44          07
847     Wed  May 19, 2021          04          16          18          32          44          20
846     Sat  May 15, 2021          06          18          27          35          36          25
845     Wed  May 12, 2021          01          17          21          30          43          09
844     Sat  May 08, 2021          10          12          21          22          28          12
843     Wed  May 05, 2021          06          11          17          27          39          19
842     Sat  May 01, 2021          01          06          13          22          31          13
841     Wed  Apr 28, 2021          14          18          19          33          37          19
840     Sat  Apr 24, 2021          12          14          17          22          24          13
839     Wed  Apr 21, 2021          03          12          17          41          42          23
838     Sat  Apr 17, 2021          02          07          12          29          44          03
837     Wed  Apr 14, 2021          07          10          20          28          33          15
836     Sat  Apr 10, 2021          07          08          29          33          47          20
835     Wed  Apr 07, 2021          02          07          16          40          42          20
834     Sat  Apr 03, 2021          01          07          08          31          38          16
833     Wed  Mar 31, 2021          04          26          36          37          42          05
832     Sat  Mar 27, 2021          11          12          20          27          45          06
831     Wed  Mar 24, 2021          10          11          13          32          38          17
830     Sat  Mar 20, 2021          03          23          27          34          37          13
829     Wed  Mar 17, 2021          10          13          19          22          46          10
828     Sat  Mar 13, 2021          03          07          08          13          21          19
827     Wed  Mar 10, 2021          05          06          20          40          42          27
826     Sat  Mar 06, 2021          12          18          27          28          34          19
825     Wed  Mar 03, 2021          11          18          22          28          37          14
824     Sat  Feb 27, 2021          03          08          22          28          34          22
823     Wed  Feb 24, 2021          07          34          38          44          47          07
822     Sat  Feb 20, 2021          02          05          08          21          45          11
821     Wed  Feb 17, 2021          20          26          39          40          46          19
820     Sat  Feb 13, 2021          18          22          38          40          42          13
819     Wed  Feb 10, 2021          08          10          19          22          41          15
818     Sat  Feb 06, 2021          04          16          34          35          45          17
817     Wed  Feb 03, 2021          04          15          27          28          34          16
816     Sat  Jan 30, 2021          01          06          13          19          45          12
815     Wed  Jan 27, 2021          09          10          16          30          46          13
814     Sat  Jan 23, 2021          15          25          37          43          45          12
813     Wed  Jan 20, 2021          05          08          15          21          37          27
812     Sat  Jan 16, 2021          04          13          15          23          31          10
811     Wed  Jan 13, 2021          03          17          21          27          35          05
810     Sat  Jan 09, 2021          03          04          17          34          39          20
809     Wed  Jan 06, 2021          04          29          33          34          44          21
808     Sat  Jan 02, 2021          11          19          35          40          46          18
807     Wed  Dec 30, 2020          27          30          37          42          46          19
806     Sat  Dec 26, 2019          04          06          16          19          32          02
805     Wed  Dec 23, 2020          01          12          15          23          33          19
804     Sat  Dec 19, 2019          10          15          25          31          33          21
803     Wed  Dec 16, 2020          04          06          11          12          17          09
802     Sat  Dec 12, 2019          01          13          24          26          39          17
801     Wed  Dec 09, 2020          05          08          13          20          39          01
800     Sat  Dec 05, 2020          01          13          30          35          40          02
799     Wed  Dec 02, 2020          06          08          13          31          38          26
798     Sat  Nov 28, 2020          02          14          26          32          38          05
797     Wed  Nov 25, 2020          06          07          12          22          35          07
796     Sat  Nov 21, 2020          08          12          16          21          41          20
795     Wed  Nov 18, 2020          01          02          16          27          32          18
794     Sat  Nov 14, 2020          12          13          23          31          36          10
793     Wed  Nov 11, 2020          06          07          11          29          38          23
792     Sat  Nov 07, 2020          20          26          31          43          45          09
791     Wed  Nov 04, 2020          08          28          30          40          41          08
790     Sat  Oct 31, 2020          04          07          16          21          34          01
789     Wed  Oct 28, 2020          02          07          09          14          46          19
788     Sat  Oct 24, 2020          08          20          22          34          35          03
787     Wed  Oct 21, 2020          09          10          16          31          46          27
786     Sat  Oct 17, 2020          07          19          25          29          42          01
785     Wed  Oct 14, 2020          04          13          25          34          46          15
784     Sat  Oct 10, 2020          03          07          10          22          41          21
783     Wed  Oct 07, 2020          38          41          42          43          45          25
782     Sat  Oct 03, 2020          05          32          38          39          43          11
781     Wed  Sep 30, 2020          03          23          28          46          47          25
780     Sat  Sep 26, 2020          03          12          15          36          43          25
779     Wed  Sep 23, 2020          07          12          24          32          34          02
778     Sat  Sep 19, 2020          04          05          13          22          23          24
777     Wed  Sep 16, 2020          13          18          28          38          42          04
776     Sat  Sep 12, 2020          03          08          19          23          32          20
775     Wed  Sep 09, 2020          08          22          34          37          39          22
774     Sat  Sep 05, 2020          01          18          22          26          27          12
773     Wed  Sep 02, 2020          24          27          36          40          46          10
772     Sat  Aug 29, 2020          05          10          29          42          46          02
771     Wed  Aug 26, 2020          04          05          06          30          45          21
770     Sat  Aug 22, 2020          20          24          28          35          37          22
769     Wed  Aug 19, 2020          11          13          14          16          39          26
768     Sat  Aug 15, 2020          14          18          21          42          45          26
767     Wed  Aug 12, 2020          03          11          25          44          47          01
766     Sat  Aug 08, 2020          15          20          23          37          41          01
765     Wed  Aug 05, 2020          02          04          05          40          47          16
764     Sat  Aug 01, 2020          05          06          08          12          42          23
763     Wed  Jul 29, 2020          02          16          20          21          34          20
762     Sat  Jul 25, 2020          08          10          12          35          39          26
761     Wed  Jul 22, 2020          04          08          30          33          40          17
760     Sat  Jul 18, 2020          16          30          37          39          43          14
759     Wed  Jul 15, 2020          07          25          34          40          44          26
758     Sat  Jul 11, 2020          02          12          16          19          31          08
757     Wed  Jul 08, 2020          02          25          36          42          47          06
756     Sat  Jul 04, 2020          04          06          10          20          41          08
755     Wed  Jul 01, 2020          19          22          25          33          42          12
754     Sat  Jun 27, 2020          27          32          35          46          47          12
753     Wed  Jun 24, 2020          08          11          19          31          42          22
752     Sat  Jun 20, 2020          07          13          15          25          30          13
751     Wed  Jun 17, 2020          01          20          30          39          47          21
750     Sat  Jun 13, 2020          21          25          30          34          42          18
749     Wed  Jun 10, 2020          03          11          20          25          46          21
748     Sat  Jun 06, 2020          05          21          22          34          39          08
747     Wed  Jun 03, 2020          07          17          26          36          41          03
746     Sat  May 30, 2020          06          13          21          36          38          25
745     Wed  May 27, 2020          02          05          11          14          44          21
744     Sat  May 23, 2020          07          27          35          43          45          15
743     Wed  May 20, 2020          02          24          29          30          37          08
742     Sat  May 16, 2020          30          09          23          27          35          16
741     Wed  May 13, 2020          04          10          20          22          23          23
740     Sat  May 09, 2020          04          19          24          39          45          14
739     Wed  May 06, 2020          05          08          19          37          39          08
738     Sat  May 02, 2020          04          07          21          37          43          07
